argv[0]: ./../out/parallelRun
argv[1]: 0 0 0 2 3
I5-V5-I5-V65-I6-II6-V64-V7+-I5 , C Major , Left to right ,Value random,1,0.591808,,,2574,1267,0,6028527,0,35,2, 0, 0, 1, 52, -4,,,4693,2335,0,11472626,0,35,,,0.013072 , 2, 0, 2, 1, 107, -3,,0.013581 , 2, 0, 1, 1, 133, -3,,0.015247 , 2, 0, 1, 1, 90, -3,,0.015528 , 2, 0, 0, 1, 116, -3,,0.022173 , 2, 0, 0, 1, 89, -4,,0.136003 , 2, 0, 0, 1, 82, -4,,0.179410 , 2, 0, 0, 1, 81, -2,,0.181306 , 2, 0, 0, 1, 78, -2,,0.184871 , 2, 0, 0, 1, 70, -3,,0.200222 , 2, 0, 0, 1, 62, -4,,0.287538 , 2, 0, 0, 1, 55, -4,,0.299946 , 2, 0, 0, 1, 52, -4,,
argv[0]: ./../out/parallelRun
argv[1]: 0 0 5 2 3
I5-V5-I5-V65-I6-II6-V64-V7+-I5 , C Minor , Left to right ,Value random,1,0.668708,,,3597,1773,0,8466307,0,38,2, 0, 0, 1, 45, -4,,,5513,2738,0,13076182,0,38,,,0.009227 , 3, 0, 2, 1, 106, -1,,0.009349 , 3, 0, 1, 1, 106, -1,,0.012323 , 2, 0, 2, 1, 98, -2,,0.012699 , 2, 0, 1, 1, 98, -2,,0.023943 , 2, 0, 0, 1, 118, -2,,0.025908 , 2, 0, 0, 1, 110, -2,,0.028472 , 2, 0, 0, 1, 98, -2,,0.038974 , 2, 0, 0, 1, 97, -3,,0.046200 , 2, 0, 0, 1, 89, -4,,0.066698 , 2, 0, 0, 1, 87, -3,,0.071409 , 2, 0, 0, 1, 86, -4,,0.096719 , 2, 0, 0, 1, 81, -2,,0.102926 , 2, 0, 0, 1, 70, -3,,0.132009 , 2, 0, 0, 1, 62, -4,,0.254101 , 2, 0, 0, 1, 61, -3,,0.296067 , 2, 0, 0, 1, 59, -2,,0.310145 , 2, 0, 0, 1, 58, -3,,0.334572 , 2, 0, 0, 1, 51, -3,,0.390968 , 2, 0, 0, 1, 45, -4,,
argv[0]: ./../out/parallelRun
argv[1]: 0 8 0 2 3
I5-V5-I5-V65-I6-II6-V64-V7+-I5 , Ab Major , Left to right ,Value random,1,0.248010,,,1107,541,0,2522406,0,35,2, 0, 0, 1, 45, -4,,,1691,840,0,3962684,0,35,,,0.026127 , 2, 0, 0, 1, 98, -2,,0.028815 , 2, 0, 0, 1, 87, -3,,0.044553 , 2, 0, 0, 1, 87, -4,,0.058052 , 2, 0, 0, 1, 70, -4,,0.077401 , 2, 0, 0, 1, 60, -4,,0.147877 , 2, 0, 0, 1, 45, -4,,
argv[0]: ./../out/parallelRun
argv[1]: 0 10 5 2 3
I5-V5-I5-V65-I6-II6-V64-V7+-I5 , Bb Minor , Left to right ,Value random,1,1.113847,,,7552,3747,0,18980057,0,37,2, 0, 0, 1, 45, -4,,,9087,4521,0,22633616,0,37,,,0.007947 , 2, 0, 2, 1, 134, -2,,0.008249 , 2, 0, 1, 1, 134, -2,,0.016143 , 2, 0, 1, 1, 109, -1,,0.021755 , 2, 0, 1, 1, 106, -1,,0.042535 , 2, 0, 1, 1, 98, -2,,0.054940 , 2, 0, 1, 1, 90, -3,,0.082931 , 2, 0, 1, 1, 78, -3,,0.110341 , 2, 0, 1, 1, 75, -3,,0.137141 , 2, 0, 1, 1, 51, -3,,0.206432 , 2, 0, 1, 1, 50, -4,,0.355991 , 2, 0, 1, 1, 45, -4,,0.407674 , 2, 0, 0, 1, 127, -1,,0.411692 , 2, 0, 0, 1, 121, -1,,0.414989 , 2, 0, 0, 1, 93, -2,,0.430793 , 2, 0, 0, 1, 85, -1,,0.436026 , 2, 0, 0, 1, 77, -2,,0.455819 , 2, 0, 0, 1, 69, -2,,0.474633 , 2, 0, 0, 1, 66, -3,,0.481670 , 2, 0, 0, 1, 56, -3,,0.630097 , 2, 0, 0, 1, 55, -4,,0.641940 , 2, 0, 0, 1, 52, -4,,0.692569 , 2, 0, 0, 1, 50, -4,,0.882010 , 2, 0, 0, 1, 45, -4,,
argv[0]: ./../out/parallelRun
argv[1]: 0 4 0 2 3
I5-V5-I5-V65-I6-II6-V64-V7+-I5 , E Major , Left to right ,Value random,1,0.431055,,,2201,1081,0,5110667,0,33,2, 0, 0, 1, 45, -4,,,3191,1585,0,7295088,0,34,,,0.030410 , 2, 0, 1, 1, 102, -1,,0.035968 , 2, 0, 1, 1, 91, -2,,0.057306 , 2, 0, 1, 1, 90, -3,,0.119141 , 2, 0, 1, 1, 68, -3,,0.163974 , 2, 0, 0, 1, 89, -3,,0.168098 , 2, 0, 0, 1, 79, -3,,0.176913 , 2, 0, 0, 1, 70, -3,,0.185184 , 2, 0, 0, 1, 65, -3,,0.194729 , 2, 0, 0, 1, 62, -4,,0.222228 , 2, 0, 0, 1, 55, -4,,0.261593 , 2, 0, 0, 1, 45, -4,,
argv[0]: ./../out/parallelRun
argv[1]: 0 1 5 2 3
I5-V5-I5-V65-I6-II6-V64-V7+-I5 , Csharp Minor , Left to right ,Value random,1,0.336528,,,1088,528,0,2053710,0,32,2, 0, 0, 1, 45, -4,,,2771,1374,0,6007395,0,32,,,0.033616 , 2, 0, 1, 1, 72, -2,,0.037062 , 2, 0, 1, 1, 70, -2,,0.039977 , 2, 0, 1, 1, 62, -3,,0.053406 , 2, 0, 1, 1, 61, -4,,0.063594 , 2, 0, 0, 1, 86, -3,,0.066003 , 2, 0, 0, 1, 78, -4,,0.075369 , 2, 0, 0, 1, 72, -3,,0.091372 , 2, 0, 0, 1, 63, -3,,0.092918 , 2, 0, 0, 1, 62, -4,,0.095434 , 2, 0, 0, 1, 55, -4,,0.102923 , 2, 0, 0, 1, 48, -3,,0.113706 , 2, 0, 0, 1, 45, -4,,
argv[0]: ./../out/parallelRun
argv[1]: 1 0 0 2 3
I5-IV5-VII6-I6-III5-VI5-II6-V7+-I5 , C Major , Left to right ,Value random,1,10.164015,,,85365,42592,0,153059671,0,36,1, 0, 0, 0, 58, -7,,,85831,42832,0,154281460,0,36,,,9.602700 , 1, 0, 1, 1, 141, -2,,9.602892 , 1, 0, 1, 1, 136, -3,,9.603192 , 1, 0, 1, 1, 132, -2,,9.603402 , 1, 0, 1, 1, 127, -3,,9.604249 , 1, 0, 1, 1, 119, -3,,9.607180 , 1, 0, 1, 1, 116, -4,,9.607288 , 1, 0, 1, 1, 111, -4,,9.609218 , 1, 0, 1, 1, 109, -4,,9.609489 , 1, 0, 1, 1, 104, -4,,9.610476 , 1, 0, 1, 1, 98, -4,,9.610750 , 1, 0, 1, 1, 98, -5,,9.610909 , 1, 0, 1, 1, 93, -5,,9.611901 , 1, 0, 1, 1, 88, -5,,9.614814 , 1, 0, 1, 1, 86, -5,,9.616178 , 1, 0, 1, 1, 81, -5,,9.626351 , 1, 0, 1, 1, 79, -5,,9.627621 , 1, 0, 1, 1, 76, -5,,9.628075 , 1, 0, 1, 1, 76, -6,,9.628168 , 1, 0, 1, 1, 71, -6,,9.637666 , 1, 0, 1, 1, 66, -6,,9.663910 , 1, 0, 1, 1, 63, -6,,9.696364 , 1, 0, 1, 0, 173, -4,,9.696976 , 1, 0, 1, 0, 168, -4,,9.697440 , 1, 0, 1, 0, 152, -4,,9.697818 , 1, 0, 1, 0, 147, -4,,9.698795 , 1, 0, 1, 0, 136, -4,,9.699010 , 1, 0, 1, 0, 131, -5,,9.700394 , 1, 0, 1, 0, 119, -5,,9.701117 , 1, 0, 1, 0, 114, -5,,9.703769 , 1, 0, 1, 0, 111, -5,,9.704676 , 1, 0, 1, 0, 103, -5,,9.705376 , 1, 0, 1, 0, 100, -5,,9.705694 , 1, 0, 1, 0, 100, -6,,9.705976 , 1, 0, 1, 0, 95, -6,,9.709998 , 1, 0, 1, 0, 88, -6,,9.719187 , 1, 0, 1, 0, 87, -3,,9.719550 , 1, 0, 1, 0, 82, -4,,9.720426 , 1, 0, 1, 0, 79, -4,,9.720758 , 1, 0, 1, 0, 79, -5,,9.720841 , 1, 0, 1, 0, 74, -5,,9.729315 , 1, 0, 1, 0, 71, -6,,9.741589 , 1, 0, 1, 0, 67, -7,,9.764301 , 1, 0, 1, 0, 63, -6,,9.772005 , 1, 0, 1, 0, 63, -7,,9.773273 , 1, 0, 1, 0, 58, -7,,9.799257 , 1, 0, 0, 1, 193, -1,,9.799615 , 1, 0, 0, 1, 158, -1,,9.800280 , 1, 0, 0, 1, 136, -2,,9.803010 , 1, 0, 0, 1, 133, -3,,9.804733 , 1, 0, 0, 1, 128, -3,,9.807279 , 1, 0, 0, 1, 114, -4,,9.808352 , 1, 0, 0, 1, 113, -3,,9.809982 , 1, 0, 0, 1, 110, -4,,9.810551 , 1, 0, 0, 1, 105, -4,,9.814316 , 1, 0, 0, 1, 100, -4,,9.821599 , 1, 0, 0, 1, 97, -5,,9.830899 , 1, 0, 0, 1, 92, -6,,9.831373 , 1, 0, 0, 1, 83, -6,,9.837512 , 1, 0, 0, 1, 80, -5,,9.839355 , 1, 0, 0, 1, 79, -6,,9.844726 , 1, 0, 0, 1, 74, -6,,9.851675 , 1, 0, 0, 0, 189, -3,,9.851769 , 1, 0, 0, 0, 171, -4,,9.851852 , 1, 0, 0, 0, 149, -4,,9.852708 , 1, 0, 0, 0, 146, -4,,9.856018 , 1, 0, 0, 0, 143, -3,,9.856521 , 1, 0, 0, 0, 136, -4,,9.857348 , 1, 0, 0, 0, 135, -3,,9.864554 , 1, 0, 0, 0, 132, -4,,9.868177 , 1, 0, 0, 0, 131, -5,,9.868535 , 1, 0, 0, 0, 126, -5,,9.876789 , 1, 0, 0, 0, 119, -5,,9.876992 , 1, 0, 0, 0, 97, -5,,9.877561 , 1, 0, 0, 0, 94, -6,,9.877800 , 1, 0, 0, 0, 89, -6,,9.890304 , 1, 0, 0, 0, 84, -6,,9.907829 , 1, 0, 0, 0, 81, -5,,9.911444 , 1, 0, 0, 0, 80, -6,,9.919632 , 1, 0, 0, 0, 75, -6,,9.931613 , 1, 0, 0, 0, 71, -5,,9.932406 , 1, 0, 0, 0, 71, -6,,9.932489 , 1, 0, 0, 0, 66, -6,,9.942134 , 1, 0, 0, 0, 63, -7,,10.089898 , 1, 0, 0, 0, 58, -7,,
argv[0]: ./../out/parallelRun
argv[1]: 1 0 5 2 3
I5-IV5-VII6-I6-III5-VI5-II6-V7+-I5 , C Minor , Left to right ,Value random,1,0.975246,,,8113,3994,0,15324414,0,34,1, 0, 0, 0, 60, -7,,,8623,4256,0,16641493,0,34,,,0.573548 , 1, 0, 2, 2, 140, -3,,0.573762 , 1, 0, 2, 2, 117, -4,,0.574313 , 1, 0, 2, 2, 108, -4,,0.574900 , 1, 0, 2, 1, 131, -3,,0.575141 , 1, 0, 2, 1, 108, -4,,0.575327 , 1, 0, 2, 1, 103, -4,,0.575703 , 1, 0, 2, 1, 94, -4,,0.576294 , 1, 0, 2, 1, 79, -5,,0.579506 , 1, 0, 1, 2, 143, -3,,0.579577 , 1, 0, 1, 2, 120, -3,,0.580546 , 1, 0, 1, 2, 118, -3,,0.580753 , 1, 0, 1, 2, 112, -4,,0.581061 , 1, 0, 1, 1, 144, -4,,0.581250 , 1, 0, 1, 1, 109, -5,,0.581410 , 1, 0, 1, 1, 104, -5,,0.583675 , 1, 0, 1, 1, 101, -4,,0.585740 , 1, 0, 1, 1, 98, -5,,0.587444 , 1, 0, 1, 1, 95, -5,,0.593338 , 1, 0, 1, 1, 84, -5,,0.594070 , 1, 0, 1, 1, 79, -5,,0.597159 , 1, 0, 1, 1, 78, -6,,0.600632 , 1, 0, 1, 1, 73, -6,,0.613733 , 1, 0, 1, 0, 125, -4,,0.615110 , 1, 0, 1, 0, 122, -4,,0.618009 , 1, 0, 1, 0, 121, -5,,0.623207 , 1, 0, 1, 0, 119, -5,,0.625021 , 1, 0, 1, 0, 116, -5,,0.632080 , 1, 0, 1, 0, 114, -4,,0.633449 , 1, 0, 1, 0, 111, -5,,0.634183 , 1, 0, 1, 0, 108, -5,,0.643060 , 1, 0, 1, 0, 104, -4,,0.643836 , 1, 0, 1, 0, 103, -5,,0.644072 , 1, 0, 1, 0, 98, -5,,0.645776 , 1, 0, 1, 0, 96, -6,,0.646703 , 1, 0, 1, 0, 95, -4,,0.647136 , 1, 0, 1, 0, 90, -5,,0.647419 , 1, 0, 1, 0, 87, -5,,0.647588 , 1, 0, 1, 0, 82, -5,,0.647816 , 1, 0, 1, 0, 81, -5,,0.647975 , 1, 0, 1, 0, 76, -6,,0.654571 , 1, 0, 1, 0, 74, -5,,0.655834 , 1, 0, 1, 0, 73, -6,,0.670363 , 1, 0, 1, 0, 71, -6,,0.672869 , 1, 0, 1, 0, 70, -7,,0.686896 , 1, 0, 1, 0, 67, -7,,0.689777 , 1, 0, 1, 0, 63, -7,,0.691019 , 1, 0, 1, 0, 60, -7,,0.724518 , 1, 0, 0, 1, 102, -6,,0.725231 , 1, 0, 0, 0, 101, -5,,0.725822 , 1, 0, 0, 0, 101, -6,,0.725911 , 1, 0, 0, 0, 96, -6,,0.726586 , 1, 0, 0, 0, 87, -6,,0.726921 , 1, 0, 0, 0, 82, -7,,0.728938 , 1, 0, 0, 0, 65, -7,,0.898966 , 1, 0, 0, 0, 63, -7,,0.900293 , 1, 0, 0, 0, 60, -7,,
argv[0]: ./../out/parallelRun
argv[1]: 1 8 0 2 3
I5-IV5-VII6-I6-III5-VI5-II6-V7+-I5 , Ab Major , Left to right ,Value random,1,0.372196,,,1232,575,0,2750764,0,31,1, 0, 0, 0, 58, -7,,,2821,1376,0,7325224,0,31,,,0.007428 , 1, 0, 3, 1, 111, -5,,0.007627 , 1, 0, 2, 1, 111, -5,,0.008280 , 1, 0, 2, 0, 100, -6,,0.008418 , 1, 0, 2, 0, 95, -6,,0.008625 , 1, 0, 1, 1, 103, -5,,0.009608 , 1, 0, 1, 0, 122, -4,,0.009843 , 1, 0, 1, 0, 116, -4,,0.010071 , 1, 0, 1, 0, 111, -5,,0.011060 , 1, 0, 1, 0, 106, -5,,0.011609 , 1, 0, 1, 0, 103, -5,,0.013903 , 1, 0, 1, 0, 85, -7,,0.015165 , 1, 0, 1, 0, 80, -7,,0.019652 , 1, 0, 1, 0, 78, -5,,0.022761 , 1, 0, 1, 0, 63, -6,,0.031659 , 1, 0, 1, 0, 58, -7,,0.057272 , 1, 0, 0, 1, 128, -4,,0.057548 , 1, 0, 0, 1, 105, -5,,0.057740 , 1, 0, 0, 1, 100, -5,,0.058367 , 1, 0, 0, 1, 95, -5,,0.063844 , 1, 0, 0, 1, 94, -4,,0.070409 , 1, 0, 0, 1, 93, -5,,0.074783 , 1, 0, 0, 1, 88, -5,,0.078877 , 1, 0, 0, 1, 87, -6,,0.086231 , 1, 0, 0, 1, 79, -5,,0.089081 , 1, 0, 0, 1, 78, -6,,0.099305 , 1, 0, 0, 0, 99, -5,,0.099881 , 1, 0, 0, 0, 99, -6,,0.099990 , 1, 0, 0, 0, 94, -6,,0.101190 , 1, 0, 0, 0, 89, -6,,0.105208 , 1, 0, 0, 0, 88, -5,,0.105635 , 1, 0, 0, 0, 83, -6,,0.106966 , 1, 0, 0, 0, 72, -7,,0.107789 , 1, 0, 0, 0, 67, -7,,0.123734 , 1, 0, 0, 0, 63, -6,,0.129787 , 1, 0, 0, 0, 58, -7,,
argv[0]: ./../out/parallelRun
argv[1]: 1 10 5 2 3
I5-IV5-VII6-I6-III5-VI5-II6-V7+-I5 , Bb Minor , Left to right ,Value random,1,1.169454,,,10194,5044,0,17328933,0,35,1, 0, 0, 0, 60, -7,,,10811,5359,0,18835076,0,35,,,0.776629 , 1, 0, 2, 1, 112, -3,,0.777104 , 1, 0, 2, 1, 103, -3,,0.777300 , 1, 0, 2, 1, 103, -4,,0.778287 , 1, 0, 2, 0, 106, -4,,0.778826 , 1, 0, 2, 0, 97, -4,,0.778956 , 1, 0, 2, 0, 92, -5,,0.791341 , 1, 0, 2, 0, 87, -5,,0.800290 , 1, 0, 2, 0, 85, -5,,0.800883 , 1, 0, 2, 0, 82, -5,,0.803985 , 1, 0, 2, 0, 81, -6,,0.824431 , 1, 0, 1, 2, 136, -4,,0.825087 , 1, 0, 1, 1, 162, -3,,0.825511 , 1, 0, 1, 1, 134, -4,,0.826452 , 1, 0, 1, 1, 121, -4,,0.826794 , 1, 0, 1, 1, 116, -4,,0.827481 , 1, 0, 1, 1, 107, -4,,0.827577 , 1, 0, 1, 1, 107, -5,,0.827727 , 1, 0, 1, 1, 102, -5,,0.832425 , 1, 0, 1, 1, 99, -4,,0.834337 , 1, 0, 1, 1, 96, -5,,0.835393 , 1, 0, 1, 1, 93, -5,,0.842225 , 1, 0, 1, 1, 90, -6,,0.853063 , 1, 0, 1, 0, 139, -4,,0.854315 , 1, 0, 1, 0, 115, -4,,0.854846 , 1, 0, 1, 0, 115, -5,,0.854937 , 1, 0, 1, 0, 110, -5,,0.856038 , 1, 0, 1, 0, 107, -5,,0.858598 , 1, 0, 1, 0, 94, -5,,0.859626 , 1, 0, 1, 0, 91, -5,,0.863882 , 1, 0, 1, 0, 90, -6,,0.891804 , 1, 0, 1, 0, 89, -6,,0.892368 , 1, 0, 1, 0, 78, -7,,0.893038 , 1, 0, 1, 0, 75, -7,,0.898409 , 1, 0, 1, 0, 73, -7,,0.898699 , 1, 0, 1, 0, 70, -7,,0.902804 , 1, 0, 1, 0, 65, -7,,0.936350 , 1, 0, 1, 0, 63, -7,,0.936823 , 1, 0, 1, 0, 60, -7,,0.965653 , 1, 0, 0, 0, 94, -7,,0.966087 , 1, 0, 0, 0, 89, -7,,0.967559 , 1, 0, 0, 0, 86, -7,,0.968678 , 1, 0, 0, 0, 69, -7,,0.975665 , 1, 0, 0, 0, 68, -6,,0.982208 , 1, 0, 0, 0, 66, -6,,0.984303 , 1, 0, 0, 0, 65, -7,,1.050504 , 1, 0, 0, 0, 64, -7,,1.085295 , 1, 0, 0, 0, 60, -7,,
argv[0]: ./../out/parallelRun
argv[1]: 1 4 0 2 3
I5-IV5-VII6-I6-III5-VI5-II6-V7+-I5 , E Major , Left to right ,Value random,1,0.487420,,,1410,676,0,3728304,0,31,1, 0, 0, 0, 58, -7,,,3457,1707,0,9783390,0,31,,,0.010035 , 1, 0, 0, 1, 162, -2,,0.010345 , 1, 0, 0, 1, 144, -3,,0.010388 , 1, 0, 0, 1, 122, -3,,0.011705 , 1, 0, 0, 1, 119, -4,,0.012404 , 1, 0, 0, 1, 114, -4,,0.016106 , 1, 0, 0, 1, 108, -5,,0.021244 , 1, 0, 0, 1, 106, -3,,0.025175 , 1, 0, 0, 1, 92, -5,,0.028734 , 1, 0, 0, 1, 89, -4,,0.032279 , 1, 0, 0, 1, 88, -5,,0.049667 , 1, 0, 0, 1, 85, -5,,0.050119 , 1, 0, 0, 1, 80, -5,,0.055023 , 1, 0, 0, 1, 79, -5,,0.055642 , 1, 0, 0, 1, 74, -6,,0.077692 , 1, 0, 0, 1, 72, -5,,0.102598 , 1, 0, 0, 1, 71, -4,,0.102876 , 1, 0, 0, 1, 71, -5,,0.103010 , 1, 0, 0, 1, 66, -5,,0.109700 , 1, 0, 0, 1, 66, -6,,0.154729 , 1, 0, 0, 0, 68, -5,,0.154870 , 1, 0, 0, 0, 63, -6,,0.168460 , 1, 0, 0, 0, 58, -7,,
argv[0]: ./../out/parallelRun
argv[1]: 1 1 5 2 3
I5-IV5-VII6-I6-III5-VI5-II6-V7+-I5 , Csharp Minor , Left to right ,Value random,1,0.301081,,,1625,782,0,3943729,0,37,1, 0, 0, 0, 60, -7,,,2346,1148,0,5905570,0,37,,,0.008381 , 1, 0, 1, 1, 118, -5,,0.009746 , 1, 0, 1, 1, 113, -5,,0.010067 , 1, 0, 1, 1, 104, -5,,0.010236 , 1, 0, 1, 0, 107, -5,,0.011152 , 1, 0, 1, 0, 105, -6,,0.011312 , 1, 0, 1, 0, 96, -6,,0.014411 , 1, 0, 1, 0, 91, -5,,0.016064 , 1, 0, 0, 1, 104, -4,,0.016604 , 1, 0, 0, 0, 136, -4,,0.016678 , 1, 0, 0, 0, 107, -4,,0.016754 , 1, 0, 0, 0, 101, -4,,0.016791 , 1, 0, 0, 0, 96, -5,,0.023503 , 1, 0, 0, 0, 94, -3,,0.032455 , 1, 0, 0, 0, 90, -4,,0.034313 , 1, 0, 0, 0, 87, -4,,0.038568 , 1, 0, 0, 0, 86, -5,,0.057154 , 1, 0, 0, 0, 85, -4,,0.061720 , 1, 0, 0, 0, 80, -4,,0.076808 , 1, 0, 0, 0, 79, -4,,0.076978 , 1, 0, 0, 0, 79, -5,,0.077149 , 1, 0, 0, 0, 74, -5,,0.089069 , 1, 0, 0, 0, 73, -5,,0.115248 , 1, 0, 0, 0, 68, -7,,0.116005 , 1, 0, 0, 0, 65, -7,,0.188194 , 1, 0, 0, 0, 60, -7,,
argv[0]: ./../out/parallelRun
argv[1]: 2 0 0 2 3
I5-V6-VI5-V5-IV5-I6-II5-V5-I5-V6-VI5-V5-IV5-V7+-I5 , C Major , Left to right ,Value random,0 , 748.791976
argv[0]: ./../out/parallelRun
argv[1]: 2 0 5 2 3
I5-V6-VI5-V5-IV5-I6-II5-V5-I5-V6-VI5-V5-IV5-V7+-I5 , C Minor , Left to right ,Value random,0 , 954.826317
argv[0]: ./../out/parallelRun
argv[1]: 2 8 0 2 3
I5-V6-VI5-V5-IV5-I6-II5-V5-I5-V6-VI5-V5-IV5-V7+-I5 , Ab Major , Left to right ,Value random,1,15.729527,,,28243,13736,0,215464606,0,51,1, 0, 0, 0, 92, -5,,,39852,19551,0,315279436,0,51,,,0.036800 , 4, 0, 4, 5, 280, -1,,0.039581 , 4, 0, 4, 4, 273, -1,,0.041700 , 4, 0, 4, 4, 270, -1,,0.042983 , 4, 0, 4, 4, 263, -1,,0.047235 , 4, 0, 4, 3, 257, -1,,0.051089 , 4, 0, 4, 3, 251, -1,,0.053334 , 4, 0, 4, 3, 244, -1,,0.053985 , 4, 0, 4, 3, 237, -1,,0.069153 , 4, 0, 4, 3, 236, -1,,0.080204 , 4, 0, 4, 3, 234, -1,,0.100444 , 4, 0, 3, 5, 288, -1,,0.102435 , 4, 0, 3, 5, 284, -1,,0.105617 , 4, 0, 3, 4, 281, -1,,0.107761 , 4, 0, 3, 4, 275, -1,,0.110743 , 4, 0, 3, 4, 261, -1,,0.118253 , 4, 0, 3, 3, 304, -1,,0.120979 , 4, 0, 3, 3, 290, -1,,0.125306 , 4, 0, 3, 3, 282, -1,,0.127603 , 4, 0, 3, 3, 279, -1,,0.128423 , 4, 0, 3, 3, 262, -1,,0.128880 , 4, 0, 3, 3, 258, -1,,0.146170 , 4, 0, 3, 3, 256, -2,,0.147056 , 4, 0, 3, 3, 253, -2,,0.177038 , 4, 0, 3, 3, 251, -1,,0.177650 , 4, 0, 3, 3, 234, -1,,0.181642 , 4, 0, 3, 3, 228, -1,,0.182419 , 4, 0, 3, 3, 211, -1,,0.190681 , 4, 0, 3, 3, 203, -2,,0.245047 , 4, 0, 3, 3, 200, -2,,0.245346 , 4, 0, 3, 3, 196, -2,,0.252343 , 4, 0, 2, 4, 210, -2,,0.253186 , 4, 0, 2, 4, 203, -2,,0.257242 , 4, 0, 2, 3, 210, -2,,0.257740 , 4, 0, 2, 3, 193, -2,,0.258203 , 4, 0, 2, 3, 186, -2,,0.265072 , 4, 0, 2, 2, 225, -2,,0.266184 , 4, 0, 2, 2, 218, -2,,0.269752 , 4, 0, 2, 2, 206, -2,,0.271756 , 4, 0, 2, 2, 199, -2,,0.273188 , 4, 0, 2, 2, 196, -2,,0.273937 , 4, 0, 2, 2, 183, -2,,0.275889 , 4, 0, 2, 2, 180, -2,,0.276575 , 4, 0, 2, 2, 176, -2,,0.295199 , 4, 0, 2, 2, 173, -2,,0.448464 , 3, 0, 4, 3, 226, -3,,0.448691 , 3, 0, 4, 3, 209, -3,,0.449574 , 3, 0, 3, 3, 235, -3,,0.450117 , 3, 0, 3, 3, 233, -2,,0.450384 , 3, 0, 3, 3, 222, -3,,0.450828 , 3, 0, 3, 3, 205, -3,,0.453463 , 3, 0, 3, 3, 195, -3,,0.481229 , 3, 0, 3, 3, 191, -4,,0.490108 , 3, 0, 3, 3, 187, -4,,0.518187 , 3, 0, 3, 2, 268, -2,,0.519668 , 3, 0, 3, 2, 260, -3,,0.521833 , 3, 0, 3, 2, 257, -3,,0.522223 , 3, 0, 3, 2, 251, -2,,0.522511 , 3, 0, 3, 2, 248, -2,,0.522594 , 3, 0, 3, 2, 240, -3,,0.525130 , 3, 0, 3, 2, 238, -3,,0.526203 , 3, 0, 3, 2, 221, -3,,0.527094 , 3, 0, 3, 2, 218, -3,,0.527579 , 3, 0, 3, 2, 215, -3,,0.536811 , 3, 0, 3, 2, 212, -4,,0.541093 , 3, 0, 3, 2, 210, -2,,0.541516 , 3, 0, 3, 2, 199, -3,,0.548695 , 3, 0, 3, 2, 189, -4,,0.583306 , 3, 0, 3, 2, 179, -4,,0.599713 , 2, 0, 5, 4, 217, -3,,0.600078 , 2, 0, 5, 4, 209, -4,,0.602043 , 2, 0, 5, 3, 208, -3,,0.602648 , 2, 0, 5, 3, 199, -4,,0.603236 , 2, 0, 4, 3, 218, -4,,0.603532 , 2, 0, 4, 3, 215, -4,,0.604242 , 2, 0, 4, 3, 203, -3,,0.604480 , 2, 0, 4, 3, 192, -4,,0.608127 , 2, 0, 4, 2, 200, -3,,0.609129 , 2, 0, 4, 2, 183, -4,,0.609981 , 2, 0, 4, 2, 180, -4,,0.612465 , 2, 0, 3, 2, 197, -4,,0.613603 , 2, 0, 3, 2, 194, -4,,0.615276 , 2, 0, 3, 2, 189, -4,,0.620394 , 2, 0, 3, 2, 186, -4,,0.624047 , 2, 0, 3, 2, 169, -4,,0.674922 , 2, 0, 2, 3, 280, -4,,0.676548 , 2, 0, 2, 3, 263, -4,,0.677340 , 2, 0, 2, 3, 256, -4,,0.677672 , 2, 0, 2, 3, 253, -4,,0.677968 , 2, 0, 2, 3, 248, -3,,0.678094 , 2, 0, 2, 3, 240, -4,,0.678974 , 2, 0, 2, 3, 238, -3,,0.679524 , 2, 0, 2, 3, 230, -4,,0.683532 , 2, 0, 2, 3, 223, -4,,0.684479 , 2, 0, 2, 3, 214, -3,,0.684915 , 2, 0, 2, 3, 203, -4,,0.686088 , 2, 0, 2, 3, 194, -3,,0.686977 , 2, 0, 2, 3, 183, -4,,0.692457 , 2, 0, 2, 3, 182, -5,,0.693031 , 2, 0, 2, 3, 179, -5,,0.694487 , 2, 0, 2, 3, 176, -5,,0.695002 , 2, 0, 2, 3, 172, -5,,0.711810 , 2, 0, 2, 3, 166, -5,,0.719136 , 2, 0, 2, 3, 162, -5,,0.761455 , 2, 0, 2, 2, 285, -4,,0.762920 , 2, 0, 2, 2, 270, -4,,0.763280 , 2, 0, 2, 2, 262, -5,,0.764048 , 2, 0, 2, 2, 259, -5,,0.764240 , 2, 0, 2, 2, 254, -4,,0.764445 , 2, 0, 2, 2, 246, -5,,0.770221 , 2, 0, 2, 2, 245, -4,,0.770392 , 2, 0, 2, 2, 237, -5,,0.771580 , 2, 0, 2, 2, 227, -5,,0.774723 , 2, 0, 2, 2, 221, -4,,0.774879 , 2, 0, 2, 2, 210, -5,,0.790470 , 2, 0, 2, 2, 205, -4,,0.801068 , 2, 0, 2, 2, 202, -4,,0.808578 , 2, 0, 2, 2, 188, -5,,0.814358 , 2, 0, 2, 2, 184, -5,,0.830445 , 2, 0, 2, 2, 174, -4,,0.837108 , 2, 0, 2, 2, 164, -5,,0.854065 , 2, 0, 2, 2, 154, -5,,1.004253 , 2, 0, 2, 2, 151, -5,,1.059468 , 2, 0, 2, 2, 147, -4,,1.067072 , 2, 0, 2, 2, 137, -5,,1.354066 , 2, 0, 2, 2, 127, -5,,1.470442 , 2, 0, 2, 1, 260, -3,,1.471560 , 2, 0, 2, 1, 248, -3,,1.472055 , 2, 0, 2, 1, 248, -4,,1.472244 , 2, 0, 2, 1, 231, -4,,1.474840 , 2, 0, 2, 1, 221, -4,,1.476203 , 2, 0, 1, 2, 291, -3,,1.477132 , 2, 0, 1, 2, 283, -4,,1.477829 , 2, 0, 1, 2, 280, -4,,1.478405 , 2, 0, 1, 2, 272, -3,,1.478665 , 2, 0, 1, 2, 269, -3,,1.479172 , 2, 0, 1, 2, 261, -4,,1.480270 , 2, 0, 1, 1, 277, -4,,1.481195 , 2, 0, 1, 1, 270, -4,,1.482041 , 2, 0, 1, 1, 267, -4,,1.482517 , 2, 0, 1, 1, 262, -3,,1.482651 , 2, 0, 1, 1, 254, -4,,1.484650 , 2, 0, 1, 1, 252, -3,,1.485040 , 2, 0, 1, 1, 244, -4,,1.486602 , 2, 0, 1, 1, 243, -4,,1.493440 , 2, 0, 1, 1, 240, -4,,1.493654 , 2, 0, 1, 1, 223, -4,,1.513211 , 2, 0, 1, 1, 208, -4,,1.522803 , 2, 0, 1, 1, 201, -4,,1.532823 , 2, 0, 1, 1, 198, -4,,1.533753 , 2, 0, 1, 1, 191, -4,,1.572046 , 2, 0, 1, 1, 185, -4,,1.628535 , 2, 0, 1, 1, 180, -4,,1.632370 , 2, 0, 1, 1, 170, -5,,1.693759 , 2, 0, 1, 1, 168, -4,,1.698156 , 2, 0, 1, 1, 162, -4,,1.698700 , 2, 0, 1, 1, 159, -4,,1.707071 , 2, 0, 1, 1, 157, -5,,1.708781 , 2, 0, 1, 1, 154, -5,,1.709700 , 2, 0, 1, 1, 147, -5,,1.720124 , 2, 0, 1, 1, 137, -5,,1.745317 , 2, 0, 1, 1, 135, -4,,1.751986 , 2, 0, 1, 1, 131, -4,,1.752497 , 2, 0, 1, 1, 120, -5,,2.505896 , 1, 0, 2, 2, 281, -3,,2.506684 , 1, 0, 2, 2, 273, -4,,2.507322 , 1, 0, 2, 2, 267, -3,,2.507520 , 1, 0, 2, 2, 264, -3,,2.507746 , 1, 0, 2, 2, 256, -4,,2.509432 , 1, 0, 2, 1, 257, -3,,2.509751 , 1, 0, 2, 1, 246, -4,,2.510349 , 1, 0, 2, 1, 239, -4,,2.513769 , 1, 0, 2, 1, 234, -4,,2.514143 , 1, 0, 2, 1, 232, -3,,2.514595 , 1, 0, 2, 1, 224, -4,,2.516683 , 1, 0, 2, 1, 207, -4,,2.518738 , 1, 0, 2, 1, 205, -3,,2.518914 , 1, 0, 2, 1, 197, -4,,2.520521 , 1, 0, 2, 1, 187, -4,,2.534286 , 1, 0, 2, 1, 177, -5,,2.535923 , 1, 0, 2, 1, 167, -5,,2.691884 , 1, 0, 2, 1, 164, -5,,2.712985 , 1, 0, 2, 1, 160, -4,,2.772556 , 1, 0, 2, 1, 157, -5,,2.774623 , 1, 0, 2, 1, 150, -5,,3.178015 , 1, 0, 2, 1, 144, -4,,3.266539 , 1, 0, 2, 1, 140, -5,,3.288087 , 1, 0, 1, 2, 289, -3,,3.289282 , 1, 0, 1, 2, 281, -4,,3.292697 , 1, 0, 1, 2, 277, -4,,3.298096 , 1, 0, 1, 2, 260, -4,,3.301241 , 1, 0, 1, 2, 240, -4,,3.324840 , 1, 0, 1, 2, 239, -3,,3.330144 , 1, 0, 1, 2, 231, -4,,3.342051 , 1, 0, 1, 2, 224, -4,,3.389464 , 1, 0, 1, 2, 218, -4,,3.396892 , 1, 0, 1, 2, 215, -2,,3.397374 , 1, 0, 1, 2, 190, -3,,3.399395 , 1, 0, 1, 2, 184, -3,,3.399824 , 1, 0, 1, 2, 181, -3,,3.406485 , 1, 0, 1, 2, 178, -4,,3.414069 , 1, 0, 1, 2, 177, -4,,3.423680 , 1, 0, 1, 2, 161, -4,,3.489464 , 1, 0, 1, 2, 157, -5,,3.492120 , 1, 0, 1, 2, 150, -5,,3.668661 , 1, 0, 1, 2, 147, -5,,3.669821 , 1, 0, 1, 2, 144, -5,,3.670996 , 1, 0, 1, 2, 140, -5,,4.227941 , 1, 0, 1, 2, 131, -4,,4.287416 , 1, 0, 1, 2, 127, -5,,4.383195 , 1, 0, 1, 1, 253, -3,,4.384966 , 1, 0, 1, 1, 246, -3,,4.385382 , 1, 0, 1, 1, 243, -3,,4.385885 , 1, 0, 1, 1, 238, -2,,4.386028 , 1, 0, 1, 1, 230, -3,,4.386160 , 1, 0, 1, 1, 213, -3,,4.390120 , 1, 0, 1, 1, 210, -3,,4.390755 , 1, 0, 1, 1, 204, -3,,4.399155 , 1, 0, 1, 1, 199, -4,,4.400349 , 1, 0, 1, 1, 192, -4,,4.435345 , 1, 0, 1, 1, 191, -5,,4.457461 , 1, 0, 1, 1, 190, -5,,4.466640 , 1, 0, 1, 1, 183, -5,,4.485126 , 1, 0, 1, 1, 181, -4,,4.485459 , 1, 0, 1, 1, 170, -5,,4.570013 , 1, 0, 1, 1, 164, -4,,4.618756 , 1, 0, 1, 1, 163, -4,,4.676615 , 1, 0, 1, 1, 163, -5,,4.722994 , 1, 0, 1, 1, 157, -5,,4.743316 , 1, 0, 1, 1, 154, -5,,4.750594 , 1, 0, 1, 1, 150, -5,,4.760989 , 1, 0, 1, 1, 144, -5,,4.761277 , 1, 0, 1, 1, 140, -5,,4.850087 , 1, 0, 1, 1, 131, -5,,4.858155 , 1, 0, 1, 1, 127, -5,,5.577175 , 1, 0, 1, 1, 124, -4,,5.599919 , 1, 0, 1, 1, 118, -4,,5.685681 , 1, 0, 1, 1, 117, -5,,5.858862 , 1, 0, 1, 0, 200, -4,,5.859161 , 1, 0, 1, 0, 194, -3,,5.859369 , 1, 0, 1, 0, 183, -4,,5.864234 , 1, 0, 1, 0, 181, -4,,5.866983 , 1, 0, 1, 0, 178, -4,,5.867123 , 1, 0, 1, 0, 161, -4,,5.875547 , 1, 0, 1, 0, 158, -4,,5.881556 , 1, 0, 1, 0, 157, -4,,5.887051 , 1, 0, 1, 0, 156, -5,,5.888363 , 1, 0, 1, 0, 153, -5,,5.889308 , 1, 0, 1, 0, 146, -5,,5.904560 , 1, 0, 1, 0, 143, -4,,5.905282 , 1, 0, 1, 0, 140, -4,,5.913262 , 1, 0, 1, 0, 132, -5,,5.920378 , 1, 0, 1, 0, 128, -5,,5.933048 , 1, 0, 1, 0, 125, -5,,5.944559 , 1, 0, 1, 0, 118, -5,,5.986495 , 1, 0, 1, 0, 115, -4,,5.987554 , 1, 0, 1, 0, 111, -4,,6.013796 , 1, 0, 1, 0, 105, -4,,6.086739 , 1, 0, 1, 0, 104, -5,,6.621655 , 1, 0, 0, 4, 279, -3,,6.622874 , 1, 0, 0, 4, 247, -4,,6.625098 , 1, 0, 0, 4, 241, -4,,6.625676 , 1, 0, 0, 4, 238, -4,,6.626439 , 1, 0, 0, 4, 231, -4,,6.627941 , 1, 0, 0, 4, 214, -4,,6.628961 , 1, 0, 0, 3, 279, -3,,6.629505 , 1, 0, 0, 3, 247, -4,,6.630016 , 1, 0, 0, 3, 221, -4,,6.631547 , 1, 0, 0, 3, 214, -4,,6.636353 , 1, 0, 0, 2, 262, -3,,6.637092 , 1, 0, 0, 2, 259, -3,,6.638156 , 1, 0, 0, 2, 252, -3,,6.644303 , 1, 0, 0, 2, 250, -2,,6.644882 , 1, 0, 0, 2, 242, -3,,6.645792 , 1, 0, 0, 2, 239, -3,,6.646635 , 1, 0, 0, 2, 232, -3,,6.653079 , 1, 0, 0, 2, 225, -4,,6.653190 , 1, 0, 0, 2, 208, -4,,6.655038 , 1, 0, 0, 2, 204, -4,,6.656014 , 1, 0, 0, 2, 194, -4,,6.675746 , 1, 0, 0, 2, 191, -3,,6.690226 , 1, 0, 0, 2, 181, -4,,6.713744 , 1, 0, 0, 2, 179, -4,,6.714887 , 1, 0, 0, 2, 176, -4,,6.718890 , 1, 0, 0, 2, 173, -5,,6.728943 , 1, 0, 0, 2, 172, -5,,6.735419 , 1, 0, 0, 2, 166, -5,,6.880213 , 1, 0, 0, 2, 159, -5,,6.938866 , 1, 0, 0, 2, 156, -5,,7.009302 , 1, 0, 0, 2, 155, -4,,7.021157 , 1, 0, 0, 2, 151, -4,,7.038153 , 1, 0, 0, 2, 141, -4,,7.074833 , 1, 0, 0, 2, 138, -4,,7.127537 , 1, 0, 0, 2, 137, -5,,7.234196 , 1, 0, 0, 1, 272, -2,,7.234342 , 1, 0, 0, 1, 264, -3,,7.237688 , 1, 0, 0, 1, 258, -3,,7.238400 , 1, 0, 0, 1, 244, -3,,7.240381 , 1, 0, 0, 1, 241, -3,,7.240961 , 1, 0, 0, 1, 238, -3,,7.241391 , 1, 0, 0, 1, 231, -3,,7.242767 , 1, 0, 0, 1, 228, -3,,7.243388 , 1, 0, 0, 1, 224, -3,,7.250841 , 1, 0, 0, 1, 223, -3,,7.252819 , 1, 0, 0, 1, 217, -3,,7.260333 , 1, 0, 0, 1, 207, -3,,7.272812 , 1, 0, 0, 1, 198, -3,,7.285213 , 1, 0, 0, 1, 197, -4,,7.286196 , 1, 0, 0, 1, 194, -4,,7.286375 , 1, 0, 0, 1, 191, -4,,7.286681 , 1, 0, 0, 1, 187, -4,,7.323398 , 1, 0, 0, 1, 183, -4,,7.324086 , 1, 0, 0, 1, 179, -4,,7.356238 , 1, 0, 0, 1, 169, -4,,7.431778 , 1, 0, 0, 1, 167, -4,,7.459309 , 1, 0, 0, 1, 164, -4,,7.459849 , 1, 0, 0, 1, 157, -4,,7.478630 , 1, 0, 0, 1, 157, -5,,7.487805 , 1, 0, 0, 1, 147, -5,,7.513442 , 1, 0, 0, 1, 140, -5,,7.540773 , 1, 0, 0, 1, 130, -5,,7.711266 , 1, 0, 0, 1, 128, -4,,7.711666 , 1, 0, 0, 1, 124, -4,,7.728668 , 1, 0, 0, 1, 124, -5,,7.736130 , 1, 0, 0, 1, 120, -5,,8.088655 , 1, 0, 0, 0, 302, -3,,8.089192 , 1, 0, 0, 0, 279, -4,,8.089337 , 1, 0, 0, 0, 262, -4,,8.089565 , 1, 0, 0, 0, 259, -4,,8.089840 , 1, 0, 0, 0, 252, -4,,8.091376 , 1, 0, 0, 0, 242, -4,,8.094331 , 1, 0, 0, 0, 225, -4,,8.095789 , 1, 0, 0, 0, 222, -4,,8.096091 , 1, 0, 0, 0, 219, -4,,8.096549 , 1, 0, 0, 0, 215, -4,,8.098222 , 1, 0, 0, 0, 205, -4,,8.102074 , 1, 0, 0, 0, 199, -4,,8.102324 , 1, 0, 0, 0, 196, -4,,8.114921 , 1, 0, 0, 0, 195, -4,,8.119274 , 1, 0, 0, 0, 194, -5,,8.121994 , 1, 0, 0, 0, 192, -4,,8.122175 , 1, 0, 0, 0, 184, -5,,8.151080 , 1, 0, 0, 0, 181, -5,,8.164564 , 1, 0, 0, 0, 174, -5,,8.183471 , 1, 0, 0, 0, 173, -5,,8.191551 , 1, 0, 0, 0, 163, -4,,8.200030 , 1, 0, 0, 0, 153, -5,,8.732045 , 1, 0, 0, 0, 150, -5,,8.741988 , 1, 0, 0, 0, 143, -5,,9.048754 , 1, 0, 0, 0, 141, -4,,9.058059 , 1, 0, 0, 0, 136, -5,,9.059598 , 1, 0, 0, 0, 126, -5,,9.364810 , 1, 0, 0, 0, 124, -5,,9.366550 , 1, 0, 0, 0, 117, -5,,9.424113 , 1, 0, 0, 0, 115, -5,,9.432144 , 1, 0, 0, 0, 111, -5,,9.500685 , 1, 0, 0, 0, 110, -5,,9.529880 , 1, 0, 0, 0, 104, -5,,10.168993 , 1, 0, 0, 0, 102, -5,,10.264964 , 1, 0, 0, 0, 95, -5,,10.351311 , 1, 0, 0, 0, 92, -5,,
argv[0]: ./../out/parallelRun
argv[1]: 2 10 5 2 3
I5-V6-VI5-V5-IV5-I6-II5-V5-I5-V6-VI5-V5-IV5-V7+-I5 , Bb Minor , Left to right ,Value random,0 , 956.164566
argv[0]: ./../out/parallelRun
argv[1]: 2 4 0 2 3
I5-V6-VI5-V5-IV5-I6-II5-V5-I5-V6-VI5-V5-IV5-V7+-I5 , E Major , Left to right ,Value random,1,9.422399,,,7659,3706,0,52544732,0,44,1, 0, 0, 0, 92, -5,,,23106,11436,0,159857027,0,44,,,0.064179 , 1, 0, 2, 1, 256, -3,,0.065673 , 1, 0, 2, 1, 249, -3,,0.065910 , 1, 0, 2, 1, 247, -2,,0.066271 , 1, 0, 2, 1, 239, -3,,0.066950 , 1, 0, 2, 1, 233, -2,,0.067452 , 1, 0, 2, 1, 222, -3,,0.077560 , 1, 0, 2, 1, 222, -4,,0.078486 , 1, 0, 2, 1, 219, -4,,0.079146 , 1, 0, 2, 1, 212, -4,,0.080499 , 1, 0, 2, 1, 205, -4,,0.082655 , 1, 0, 2, 1, 199, -4,,0.083208 , 1, 0, 2, 1, 196, -4,,0.095360 , 1, 0, 2, 1, 193, -4,,0.102290 , 1, 0, 2, 1, 189, -4,,0.134166 , 1, 0, 2, 1, 185, -4,,0.201428 , 1, 0, 1, 3, 270, -3,,0.201898 , 1, 0, 1, 3, 264, -3,,0.202062 , 1, 0, 1, 3, 247, -3,,0.205132 , 1, 0, 1, 3, 234, -3,,0.207689 , 1, 0, 1, 2, 261, -2,,0.207880 , 1, 0, 1, 2, 261, -3,,0.208030 , 1, 0, 1, 2, 244, -3,,0.208193 , 1, 0, 1, 2, 241, -3,,0.208547 , 1, 0, 1, 2, 234, -3,,0.213808 , 1, 0, 1, 2, 227, -3,,0.216204 , 1, 0, 1, 1, 257, -3,,0.217207 , 1, 0, 1, 1, 253, -3,,0.218439 , 1, 0, 1, 1, 243, -3,,0.220715 , 1, 0, 1, 1, 237, -3,,0.220923 , 1, 0, 1, 1, 234, -3,,0.226710 , 1, 0, 1, 1, 224, -3,,0.233695 , 1, 0, 1, 1, 221, -4,,0.240491 , 1, 0, 1, 1, 220, -4,,0.272904 , 1, 0, 1, 1, 218, -4,,0.280969 , 1, 0, 1, 1, 214, -4,,0.312161 , 1, 0, 1, 0, 298, -2,,0.313299 , 1, 0, 1, 0, 283, -3,,0.313615 , 1, 0, 1, 0, 277, -2,,0.313765 , 1, 0, 1, 0, 269, -3,,0.314392 , 1, 0, 1, 0, 263, -2,,0.314588 , 1, 0, 1, 0, 252, -3,,0.316866 , 1, 0, 1, 0, 250, -2,,0.317135 , 1, 0, 1, 0, 242, -3,,0.320333 , 1, 0, 1, 0, 232, -3,,0.321308 , 1, 0, 1, 0, 229, -3,,0.322818 , 1, 0, 1, 0, 223, -3,,0.325338 , 1, 0, 1, 0, 220, -4,,0.333636 , 1, 0, 1, 0, 219, -4,,0.338794 , 1, 0, 1, 0, 218, -3,,0.349453 , 1, 0, 1, 0, 214, -3,,0.349807 , 1, 0, 1, 0, 203, -4,,0.393015 , 1, 0, 1, 0, 199, -4,,0.421571 , 1, 0, 1, 0, 194, -3,,0.435418 , 1, 0, 1, 0, 191, -3,,0.436048 , 1, 0, 1, 0, 183, -4,,0.483555 , 1, 0, 1, 0, 181, -4,,0.489899 , 1, 0, 1, 0, 174, -4,,0.546963 , 1, 0, 1, 0, 173, -4,,0.551656 , 1, 0, 1, 0, 173, -5,,0.552231 , 1, 0, 1, 0, 171, -4,,0.553239 , 1, 0, 1, 0, 163, -5,,0.608553 , 1, 0, 1, 0, 160, -5,,0.732542 , 1, 0, 1, 0, 157, -4,,0.732936 , 1, 0, 1, 0, 153, -4,,0.762713 , 1, 0, 1, 0, 147, -4,,0.820665 , 1, 0, 0, 1, 252, -2,,0.821154 , 1, 0, 0, 1, 243, -2,,0.821458 , 1, 0, 0, 1, 235, -3,,0.824391 , 1, 0, 0, 1, 229, -2,,0.824598 , 1, 0, 0, 1, 218, -3,,0.828490 , 1, 0, 0, 1, 215, -4,,0.829924 , 1, 0, 0, 1, 208, -4,,0.831437 , 1, 0, 0, 1, 202, -4,,0.832781 , 1, 0, 0, 1, 195, -4,,0.834076 , 1, 0, 0, 1, 192, -4,,0.834653 , 1, 0, 0, 1, 188, -4,,0.875257 , 1, 0, 0, 1, 186, -3,,0.875533 , 1, 0, 0, 1, 183, -3,,0.876009 , 1, 0, 0, 1, 179, -3,,0.889319 , 1, 0, 0, 1, 175, -4,,0.897044 , 1, 0, 0, 0, 292, -2,,0.897596 , 1, 0, 0, 0, 280, -3,,0.897889 , 1, 0, 0, 0, 263, -3,,0.899365 , 1, 0, 0, 0, 254, -2,,0.899940 , 1, 0, 0, 0, 243, -3,,0.901634 , 1, 0, 0, 0, 237, -3,,0.902358 , 1, 0, 0, 0, 234, -3,,0.906443 , 1, 0, 0, 0, 231, -3,,0.906475 , 1, 0, 0, 0, 214, -3,,0.907856 , 1, 0, 0, 0, 211, -3,,0.908169 , 1, 0, 0, 0, 203, -4,,0.920665 , 1, 0, 0, 0, 196, -4,,0.937077 , 1, 0, 0, 0, 194, -4,,0.944306 , 1, 0, 0, 0, 183, -4,,0.946130 , 1, 0, 0, 0, 180, -4,,0.946479 , 1, 0, 0, 0, 177, -4,,0.965955 , 1, 0, 0, 0, 174, -4,,0.972992 , 1, 0, 0, 0, 170, -4,,1.024264 , 1, 0, 0, 0, 170, -5,,1.025659 , 1, 0, 0, 0, 163, -5,,1.029370 , 1, 0, 0, 0, 156, -5,,1.049689 , 1, 0, 0, 0, 153, -5,,1.051648 , 1, 0, 0, 0, 150, -5,,1.052155 , 1, 0, 0, 0, 146, -5,,1.069396 , 1, 0, 0, 0, 139, -5,,1.090872 , 1, 0, 0, 0, 136, -5,,1.091337 , 1, 0, 0, 0, 133, -5,,1.091711 , 1, 0, 0, 0, 129, -5,,1.204638 , 1, 0, 0, 0, 126, -5,,1.513692 , 1, 0, 0, 0, 119, -5,,1.629375 , 1, 0, 0, 0, 116, -4,,1.629820 , 1, 0, 0, 0, 112, -4,,1.703167 , 1, 0, 0, 0, 107, -5,,1.715919 , 1, 0, 0, 0, 101, -5,,1.717051 , 1, 0, 0, 0, 97, -5,,1.931593 , 1, 0, 0, 0, 94, -5,,2.822332 , 1, 0, 0, 0, 92, -5,,
argv[0]: ./../out/parallelRun
argv[1]: 2 1 5 2 3
I5-V6-VI5-V5-IV5-I6-II5-V5-I5-V6-VI5-V5-IV5-V7+-I5 , Csharp Minor , Left to right ,Value random,1,65.416756,,,4555,2236,0,24017910,0,40,1, 0, 1, 0, 139, -5,,,182911,91425,0,740984291,0,46,,,0.017558 , 2, 0, 3, 1, 281, -2,,0.017732 , 2, 0, 3, 1, 270, -3,,0.017876 , 2, 0, 3, 1, 264, -3,,0.018388 , 2, 0, 3, 1, 261, -3,,0.019463 , 2, 0, 2, 1, 266, -2,,0.020008 , 2, 0, 2, 1, 234, -3,,0.021166 , 2, 0, 2, 1, 230, -3,,0.022454 , 2, 0, 2, 1, 220, -3,,0.023399 , 1, 0, 2, 1, 227, -3,,0.029656 , 1, 0, 2, 1, 211, -3,,0.031149 , 1, 0, 2, 1, 204, -3,,0.033399 , 1, 0, 2, 0, 231, -2,,0.034276 , 1, 0, 2, 0, 199, -3,,0.034994 , 1, 0, 2, 0, 195, -3,,0.039228 , 1, 0, 2, 0, 189, -4,,0.059684 , 1, 0, 1, 0, 255, -2,,0.061497 , 1, 0, 1, 0, 232, -2,,0.061545 , 1, 0, 1, 0, 221, -3,,0.063055 , 1, 0, 1, 0, 218, -3,,0.064003 , 1, 0, 1, 0, 211, -3,,0.067972 , 1, 0, 1, 0, 199, -3,,0.071814 , 1, 0, 1, 0, 197, -3,,0.072242 , 1, 0, 1, 0, 189, -4,,0.075848 , 1, 0, 1, 0, 179, -4,,0.367210 , 1, 0, 1, 0, 172, -5,,0.417321 , 1, 0, 1, 0, 169, -5,,0.420984 , 1, 0, 1, 0, 162, -5,,1.519107 , 1, 0, 1, 0, 156, -5,,1.567606 , 1, 0, 1, 0, 149, -4,,1.580152 , 1, 0, 1, 0, 139, -5,,
argv[0]: ./../out/parallelRun
argv[1]: 3 0 0 2 3
I5-V5-VI5-I5-III5-VI5-II5-I5-V5 , C Major , Left to right ,Value random,1,24.694411,,,45383,22584,0,99032169,0,34,0, 0, 0, 1, 57, -8,,,218375,109088,0,462059201,0,34,,,0.004462 , 1, 0, 4, 2, 188, -3,,0.004616 , 0, 0, 3, 2, 173, -4,,0.005212 , 0, 0, 3, 2, 168, -4,,0.005346 , 0, 0, 2, 2, 151, -4,,0.006129 , 0, 0, 2, 2, 143, -4,,0.014183 , 0, 0, 2, 2, 142, -4,,0.015053 , 0, 0, 2, 2, 139, -3,,0.015179 , 0, 0, 2, 2, 134, -4,,0.022493 , 0, 0, 2, 2, 134, -5,,0.023519 , 0, 0, 2, 2, 131, -4,,0.023756 , 0, 0, 2, 2, 126, -5,,0.051922 , 0, 0, 2, 2, 121, -4,,0.059133 , 0, 0, 2, 2, 112, -6,,0.063572 , 0, 0, 2, 2, 110, -4,,0.069915 , 0, 0, 2, 2, 109, -3,,0.070129 , 0, 0, 2, 2, 104, -4,,0.134667 , 0, 0, 2, 2, 103, -5,,0.164787 , 0, 0, 2, 2, 98, -5,,0.166202 , 0, 0, 2, 2, 98, -6,,0.178119 , 0, 0, 2, 2, 97, -6,,0.585379 , 0, 0, 1, 2, 178, 0,,0.585591 , 0, 0, 1, 2, 173, -1,,0.585945 , 0, 0, 1, 2, 165, -1,,0.587950 , 0, 0, 1, 2, 164, -1,,0.588835 , 0, 0, 1, 2, 161, 0,,0.589119 , 0, 0, 1, 2, 156, -1,,0.591267 , 0, 0, 1, 2, 155, -3,,0.591518 , 0, 0, 1, 2, 150, -3,,0.593404 , 0, 0, 1, 2, 141, -3,,0.596587 , 0, 0, 1, 2, 138, -1,,0.596793 , 0, 0, 1, 2, 138, -2,,0.596830 , 0, 0, 1, 2, 133, -2,,0.599738 , 0, 0, 1, 2, 132, -3,,0.599824 , 0, 0, 1, 2, 127, -4,,0.601210 , 0, 0, 1, 2, 126, -4,,0.602329 , 0, 0, 1, 2, 118, -4,,0.606835 , 0, 0, 1, 1, 175, -4,,0.608551 , 0, 0, 1, 1, 170, -4,,0.609013 , 0, 0, 1, 1, 153, -4,,0.609816 , 0, 0, 1, 1, 150, -3,,0.610183 , 0, 0, 1, 1, 145, -4,,0.621264 , 0, 0, 1, 1, 145, -5,,0.621728 , 0, 0, 1, 1, 142, -5,,0.622051 , 0, 0, 1, 1, 137, -5,,0.657836 , 0, 0, 1, 1, 130, -2,,0.661077 , 0, 0, 1, 1, 129, -3,,0.661145 , 0, 0, 1, 1, 124, -4,,0.661880 , 0, 0, 1, 1, 120, -3,,0.662322 , 0, 0, 1, 1, 115, -4,,0.777897 , 0, 0, 1, 1, 113, -5,,0.780870 , 0, 0, 1, 1, 112, -6,,0.781435 , 0, 0, 1, 1, 112, -7,,0.781597 , 0, 0, 1, 1, 107, -7,,0.783624 , 0, 0, 1, 1, 106, -7,,0.784024 , 0, 0, 1, 1, 103, -6,,0.784301 , 0, 0, 1, 1, 103, -7,,0.784512 , 0, 0, 1, 1, 98, -7,,1.035658 , 0, 0, 1, 1, 90, -7,,1.493430 , 0, 0, 1, 1, 89, -7,,1.493650 , 0, 0, 1, 1, 84, -8,,1.494737 , 0, 0, 1, 1, 76, -8,,1.521871 , 0, 0, 1, 1, 73, -5,,1.526085 , 0, 0, 1, 1, 67, -7,,1.686678 , 0, 0, 1, 1, 62, -7,,1.947105 , 0, 0, 1, 1, 62, -8,,2.524818 , 0, 0, 0, 3, 76, -5,,2.542027 , 0, 0, 0, 2, 107, -4,,2.542304 , 0, 0, 0, 2, 107, -5,,2.542518 , 0, 0, 0, 2, 102, -5,,2.544257 , 0, 0, 0, 2, 98, -4,,2.544538 , 0, 0, 0, 2, 98, -5,,2.544662 , 0, 0, 0, 2, 93, -5,,2.549799 , 0, 0, 0, 2, 79, -7,,2.578340 , 0, 0, 0, 2, 75, -6,,2.635997 , 0, 0, 0, 2, 75, -8,,2.714160 , 0, 0, 0, 2, 70, -7,,2.911983 , 0, 0, 0, 1, 142, -4,,2.912153 , 0, 0, 0, 1, 137, -5,,2.912988 , 0, 0, 0, 1, 134, -4,,2.913585 , 0, 0, 0, 1, 134, -5,,2.913769 , 0, 0, 0, 1, 129, -5,,2.915070 , 0, 0, 0, 1, 128, -5,,2.915756 , 0, 0, 0, 1, 120, -5,,2.919967 , 0, 0, 0, 1, 117, -5,,2.921189 , 0, 0, 0, 1, 114, -5,,2.921386 , 0, 0, 0, 1, 109, -5,,2.932918 , 0, 0, 0, 1, 108, -4,,2.933379 , 0, 0, 0, 1, 103, -5,,2.936859 , 0, 0, 0, 1, 97, -3,,2.940035 , 0, 0, 0, 1, 93, -4,,2.940347 , 0, 0, 0, 1, 87, -4,,2.940388 , 0, 0, 0, 1, 82, -5,,2.955874 , 0, 0, 0, 1, 79, -4,,2.955915 , 0, 0, 0, 1, 74, -5,,2.957984 , 0, 0, 0, 1, 74, -6,,2.990170 , 0, 0, 0, 1, 71, -7,,2.991660 , 0, 0, 0, 1, 70, -7,,2.992679 , 0, 0, 0, 1, 62, -7,,3.024883 , 0, 0, 0, 1, 62, -8,,5.158830 , 0, 0, 0, 1, 57, -8,,
argv[0]: ./../out/parallelRun
argv[1]: 3 0 5 2 3
I5-V5-VI5-I5-III5-VI5-II5-I5-V5 , C Minor , Left to right ,Value random,1,5.211544,,,35667,17777,0,78717875,0,33,0, 0, 1, 1, 62, -8,,,45562,22729,0,99901118,0,33,,,0.005816 , 1, 0, 5, 2, 132, -2,,0.006352 , 1, 0, 4, 2, 132, -2,,0.007737 , 1, 0, 4, 2, 128, -1,,0.007867 , 0, 0, 3, 2, 130, -1,,0.008005 , 0, 0, 3, 2, 125, -2,,0.010145 , 0, 0, 2, 2, 118, -3,,0.010558 , 0, 0, 2, 2, 113, -4,,0.015324 , 0, 0, 2, 2, 104, -4,,0.158026 , 0, 0, 2, 2, 102, -7,,0.158068 , 0, 0, 2, 2, 100, -7,,0.395317 , 0, 0, 2, 2, 98, -6,,0.429529 , 0, 0, 2, 2, 97, -6,,1.386431 , 0, 0, 2, 2, 81, -6,,1.397559 , 0, 0, 2, 1, 188, -2,,1.398037 , 0, 0, 2, 1, 153, -2,,1.398227 , 0, 0, 2, 1, 148, -3,,1.400517 , 0, 0, 2, 1, 133, -5,,1.407854 , 0, 0, 2, 1, 132, -7,,1.408339 , 0, 0, 2, 1, 115, -7,,1.410061 , 0, 0, 2, 1, 110, -7,,1.415735 , 0, 0, 2, 1, 103, -6,,1.417841 , 0, 0, 2, 1, 89, -6,,1.421077 , 0, 0, 2, 1, 81, -6,,1.423895 , 0, 0, 2, 1, 75, -8,,1.645333 , 0, 0, 2, 1, 72, -5,,1.751945 , 0, 0, 2, 1, 67, -7,,1.865718 , 0, 0, 1, 2, 150, -3,,1.865968 , 0, 0, 1, 2, 148, -3,,1.867610 , 0, 0, 1, 2, 138, -4,,1.868140 , 0, 0, 1, 2, 133, -5,,1.874794 , 0, 0, 1, 2, 131, -4,,1.876516 , 0, 0, 1, 2, 122, -4,,1.881962 , 0, 0, 1, 2, 121, -4,,1.882707 , 0, 0, 1, 2, 116, -5,,1.909429 , 0, 0, 1, 1, 149, -3,,1.909808 , 0, 0, 1, 1, 144, -4,,1.910518 , 0, 0, 1, 1, 130, -4,,1.913096 , 0, 0, 1, 1, 121, -4,,1.929266 , 0, 0, 1, 1, 120, -7,,1.930046 , 0, 0, 1, 1, 115, -7,,1.939901 , 0, 0, 1, 1, 110, -7,,2.024496 , 0, 0, 1, 1, 95, -7,,2.109696 , 0, 0, 1, 1, 92, -5,,2.138588 , 0, 0, 1, 1, 82, -6,,2.138919 , 0, 0, 1, 1, 80, -6,,2.181171 , 0, 0, 1, 1, 80, -7,,2.205024 , 0, 0, 1, 1, 75, -8,,2.274034 , 0, 0, 1, 1, 72, -6,,2.456521 , 0, 0, 1, 1, 67, -7,,3.612525 , 0, 0, 1, 1, 67, -8,,4.079817 , 0, 0, 1, 1, 62, -8,,
argv[0]: ./../out/parallelRun
argv[1]: 3 8 0 2 3
I5-V5-VI5-I5-III5-VI5-II5-I5-V5 , Ab Major , Left to right ,Value random,1,19.979549,,,104003,51951,0,207568534,0,34,0, 0, 0, 1, 57, -8,,,186065,92988,0,365168048,0,34,,,0.005632 , 1, 0, 1, 2, 190, -1,,0.005925 , 0, 0, 0, 2, 231, 0,,0.006078 , 0, 0, 0, 2, 219, 0,,0.006231 , 0, 0, 0, 2, 191, -1,,0.009193 , 0, 0, 0, 2, 168, -3,,0.009844 , 0, 0, 0, 2, 160, -3,,0.015958 , 0, 0, 0, 2, 159, -3,,0.021571 , 0, 0, 0, 2, 158, -5,,0.022194 , 0, 0, 0, 2, 153, -5,,0.023701 , 0, 0, 0, 2, 150, -4,,0.023838 , 0, 0, 0, 2, 145, -5,,0.052029 , 0, 0, 0, 2, 145, -6,,0.099899 , 0, 0, 0, 1, 174, -3,,0.100809 , 0, 0, 0, 1, 169, -4,,0.102449 , 0, 0, 0, 1, 166, -3,,0.102710 , 0, 0, 0, 1, 161, -4,,0.103835 , 0, 0, 0, 1, 158, -3,,0.104011 , 0, 0, 0, 1, 153, -4,,0.112523 , 0, 0, 0, 1, 152, -5,,0.112604 , 0, 0, 0, 1, 147, -6,,0.113401 , 0, 0, 0, 1, 144, -6,,0.113636 , 0, 0, 0, 1, 139, -6,,0.158136 , 0, 0, 0, 1, 134, -6,,0.166825 , 0, 0, 0, 1, 125, -4,,0.168420 , 0, 0, 0, 1, 122, -3,,0.168618 , 0, 0, 0, 1, 117, -4,,0.169654 , 0, 0, 0, 1, 114, -4,,0.173574 , 0, 0, 0, 1, 107, -5,,0.173710 , 0, 0, 0, 1, 102, -6,,0.242381 , 0, 0, 0, 1, 102, -7,,1.208586 , 0, 0, 0, 1, 98, -7,,1.499806 , 0, 0, 0, 1, 98, -8,,1.641427 , 0, 0, 0, 1, 97, -8,,1.732425 , 0, 0, 0, 1, 92, -8,,1.973740 , 0, 0, 0, 1, 89, -6,,1.975378 , 0, 0, 0, 1, 81, -6,,1.989991 , 0, 0, 0, 1, 78, -4,,1.992994 , 0, 0, 0, 1, 77, -5,,1.993491 , 0, 0, 0, 1, 72, -6,,2.318844 , 0, 0, 0, 1, 71, -8,,3.787133 , 0, 0, 0, 1, 68, -7,,3.912812 , 0, 0, 0, 1, 67, -7,,3.988065 , 0, 0, 0, 1, 66, -8,,5.627987 , 0, 0, 0, 1, 62, -7,,11.217032 , 0, 0, 0, 1, 57, -8,,
argv[0]: ./../out/parallelRun
argv[1]: 3 10 5 2 3
I5-V5-VI5-I5-III5-VI5-II5-I5-V5 , Bb Minor , Left to right ,Value random,1,4.890720,,,35028,17448,0,72257273,0,34,0, 0, 1, 1, 57, -8,,,43443,21663,0,89650782,0,34,,,0.004716 , 0, 0, 2, 2, 182, -5,,0.005466 , 0, 0, 2, 2, 163, -5,,0.005820 , 0, 0, 2, 2, 160, -5,,0.007262 , 0, 0, 2, 2, 146, -5,,0.011687 , 0, 0, 2, 2, 140, -5,,0.011986 , 0, 0, 2, 2, 138, -5,,0.017702 , 0, 0, 2, 2, 132, -7,,0.019885 , 0, 0, 2, 2, 123, -7,,0.180077 , 0, 0, 2, 2, 122, -6,,0.180449 , 0, 0, 2, 2, 120, -6,,0.183103 , 0, 0, 2, 2, 119, -8,,0.183904 , 0, 0, 2, 2, 114, -8,,0.185106 , 0, 0, 2, 2, 110, -7,,0.185393 , 0, 0, 2, 2, 105, -8,,0.403278 , 0, 0, 2, 2, 103, -8,,0.404432 , 0, 0, 2, 2, 94, -8,,0.503894 , 0, 0, 2, 2, 85, -8,,0.781683 , 0, 0, 1, 2, 182, -3,,0.782339 , 0, 0, 1, 2, 167, -3,,0.782500 , 0, 0, 1, 2, 147, -3,,0.782611 , 0, 0, 1, 2, 142, -4,,0.783215 , 0, 0, 1, 2, 141, -4,,0.783381 , 0, 0, 1, 2, 130, -4,,0.783951 , 0, 0, 1, 2, 121, -4,,0.784490 , 0, 0, 1, 2, 116, -4,,0.785322 , 0, 0, 1, 2, 112, -4,,0.786789 , 0, 0, 1, 2, 107, -4,,0.788096 , 0, 0, 1, 2, 103, -6,,0.788891 , 0, 0, 1, 2, 101, -6,,0.790441 , 0, 0, 1, 2, 94, -6,,0.790606 , 0, 0, 1, 2, 92, -6,,0.838130 , 0, 0, 1, 2, 84, -7,,0.859917 , 0, 0, 1, 2, 79, -7,,0.983897 , 0, 0, 1, 2, 79, -8,,1.723123 , 0, 0, 1, 1, 153, -2,,1.724113 , 0, 0, 1, 1, 142, -2,,1.727247 , 0, 0, 1, 1, 137, -3,,1.727467 , 0, 0, 1, 1, 134, -4,,1.727700 , 0, 0, 1, 1, 132, -4,,1.728315 , 0, 0, 1, 1, 127, -4,,1.732870 , 0, 0, 1, 1, 124, -6,,1.733015 , 0, 0, 1, 1, 122, -6,,1.735129 , 0, 0, 1, 1, 118, -5,,1.735426 , 0, 0, 1, 1, 113, -6,,1.752285 , 0, 0, 1, 1, 109, -5,,1.764734 , 0, 0, 1, 1, 106, -5,,1.764957 , 0, 0, 1, 1, 101, -6,,1.768003 , 0, 0, 1, 1, 93, -4,,1.768296 , 0, 0, 1, 1, 88, -5,,1.769358 , 0, 0, 1, 1, 84, -5,,1.771266 , 0, 0, 1, 1, 79, -5,,1.886896 , 0, 0, 1, 1, 77, -7,,1.887128 , 0, 0, 1, 1, 75, -7,,1.888427 , 0, 0, 1, 1, 70, -7,,1.970150 , 0, 0, 1, 1, 67, -8,,1.998926 , 0, 0, 1, 1, 64, -8,,1.998963 , 0, 0, 1, 1, 62, -8,,3.930452 , 0, 0, 1, 1, 57, -8,,
argv[0]: ./../out/parallelRun
argv[1]: 3 4 0 2 3
I5-V5-VI5-I5-III5-VI5-II5-I5-V5 , E Major , Left to right ,Value random,1,268.554161,,,15427,7581,0,29540431,0,36,0, 0, 0, 1, 57, -8,,,162381,81066,0,300252501,0,36,,,0.006350 , 1, 0, 5, 2, 206, -3,,0.006512 , 1, 0, 5, 2, 201, -3,,0.006871 , 1, 0, 4, 2, 184, -3,,0.010141 , 1, 0, 4, 2, 181, -2,,0.010299 , 1, 0, 4, 2, 181, -3,,0.010393 , 1, 0, 4, 2, 176, -3,,0.011831 , 1, 0, 3, 2, 180, -2,,0.012116 , 1, 0, 3, 2, 175, -3,,0.013116 , 1, 0, 3, 2, 167, -3,,0.014692 , 1, 0, 3, 2, 167, -4,,0.029111 , 1, 0, 3, 2, 160, -5,,0.031675 , 1, 0, 3, 2, 158, -3,,0.033216 , 1, 0, 3, 2, 158, -4,,0.037242 , 1, 0, 2, 2, 175, -3,,0.037540 , 1, 0, 2, 2, 170, -3,,0.038037 , 1, 0, 2, 2, 153, -3,,0.039748 , 1, 0, 2, 2, 153, -4,,0.044889 , 1, 0, 2, 2, 152, -4,,0.045285 , 1, 0, 2, 2, 147, -5,,0.058066 , 1, 0, 2, 1, 183, -4,,0.058347 , 1, 0, 2, 1, 166, -4,,0.061293 , 1, 0, 2, 1, 163, -4,,0.061702 , 1, 0, 2, 1, 158, -4,,0.062564 , 1, 0, 2, 1, 143, -6,,0.094656 , 1, 0, 1, 2, 232, -2,,0.095680 , 1, 0, 1, 2, 220, -2,,0.095920 , 1, 0, 1, 2, 215, -2,,0.097731 , 1, 0, 1, 2, 212, -1,,0.098003 , 1, 0, 1, 2, 212, -2,,0.098161 , 1, 0, 1, 2, 207, -2,,0.099234 , 1, 0, 1, 2, 205, -4,,0.099366 , 1, 0, 1, 2, 200, -4,,0.101333 , 1, 0, 1, 2, 197, -3,,0.101646 , 1, 0, 1, 2, 192, -4,,0.103883 , 1, 0, 1, 2, 189, -2,,0.105874 , 1, 0, 1, 2, 189, -3,,0.111645 , 1, 0, 1, 2, 188, -3,,0.113768 , 1, 0, 1, 2, 180, -3,,0.116813 , 1, 0, 1, 2, 180, -4,,0.117222 , 1, 0, 1, 2, 172, -4,,0.119930 , 1, 0, 1, 2, 160, -6,,0.125627 , 1, 0, 1, 2, 156, -6,,0.126162 , 1, 0, 1, 2, 151, -6,,0.141321 , 1, 0, 1, 2, 143, -4,,0.142768 , 1, 0, 1, 2, 143, -5,,0.165674 , 1, 0, 1, 2, 137, -6,,0.171665 , 1, 0, 1, 2, 135, -3,,0.172629 , 1, 0, 1, 2, 130, -4,,0.177400 , 1, 0, 1, 2, 120, -5,,0.177726 , 1, 0, 1, 2, 115, -6,,0.190387 , 1, 0, 1, 2, 114, -6,,0.191629 , 1, 0, 1, 2, 111, -5,,0.191905 , 1, 0, 1, 2, 106, -6,,0.227581 , 1, 0, 1, 2, 97, -6,,0.266583 , 1, 0, 1, 2, 94, -7,,0.336028 , 1, 0, 1, 1, 139, -4,,0.336541 , 1, 0, 1, 1, 136, -3,,0.336803 , 1, 0, 1, 1, 131, -4,,0.337363 , 1, 0, 1, 1, 122, -4,,0.339257 , 1, 0, 1, 1, 114, -4,,0.340434 , 1, 0, 1, 1, 111, -4,,0.356922 , 1, 0, 1, 1, 109, -5,,0.358102 , 1, 0, 1, 1, 94, -7,,0.442699 , 1, 0, 1, 1, 94, -8,,0.831146 , 1, 0, 1, 1, 90, -8,,0.902121 , 1, 0, 0, 3, 111, -6,,0.903084 , 1, 0, 0, 3, 106, -6,,0.904417 , 1, 0, 0, 3, 98, -6,,0.910653 , 1, 0, 0, 2, 141, -3,,0.913738 , 1, 0, 0, 2, 138, -2,,0.913890 , 1, 0, 0, 2, 133, -3,,0.917895 , 1, 0, 0, 2, 131, -4,,0.918274 , 1, 0, 0, 2, 126, -4,,0.921547 , 1, 0, 0, 2, 126, -5,,0.921902 , 1, 0, 0, 2, 118, -5,,0.925899 , 1, 0, 0, 2, 106, -7,,0.945194 , 1, 0, 0, 2, 94, -5,,0.952470 , 1, 0, 0, 2, 86, -5,,0.953650 , 1, 0, 0, 2, 86, -6,,0.997743 , 1, 0, 0, 1, 146, -3,,0.999695 , 1, 0, 0, 1, 136, -4,,0.999995 , 1, 0, 0, 1, 131, -5,,1.007792 , 1, 0, 0, 1, 128, -5,,1.009110 , 1, 0, 0, 1, 120, -5,,1.011443 , 1, 0, 0, 1, 108, -7,,1.019419 , 1, 0, 0, 1, 104, -7,,1.019537 , 1, 0, 0, 1, 99, -7,,1.083308 , 1, 0, 0, 1, 96, -5,,1.085494 , 1, 0, 0, 1, 93, -4,,1.085887 , 1, 0, 0, 1, 93, -5,,1.086154 , 1, 0, 0, 1, 88, -5,,1.087190 , 1, 0, 0, 1, 81, -7,,1.088566 , 1, 0, 0, 1, 78, -6,,1.088922 , 1, 0, 0, 1, 73, -7,,1.101796 , 1, 0, 0, 1, 69, -7,,1.214878 , 0, 0, 1, 2, 137, -3,,1.215156 , 0, 0, 1, 2, 132, -4,,1.217843 , 0, 0, 1, 2, 124, -4,,1.222137 , 0, 0, 1, 2, 116, -4,,1.226155 , 0, 0, 1, 2, 115, -5,,1.227507 , 0, 0, 1, 2, 112, -5,,1.227910 , 0, 0, 1, 2, 107, -5,,1.246686 , 0, 0, 1, 2, 100, -5,,1.246805 , 0, 0, 1, 2, 100, -6,,1.246893 , 0, 0, 1, 2, 95, -6,,1.258369 , 0, 0, 1, 2, 93, -4,,1.260992 , 0, 0, 1, 2, 86, -6,,1.262529 , 0, 0, 1, 2, 78, -6,,1.303046 , 0, 0, 0, 1, 156, -3,,1.303598 , 0, 0, 0, 1, 138, -4,,1.303820 , 0, 0, 0, 1, 116, -4,,1.304221 , 0, 0, 0, 1, 113, -4,,1.304587 , 0, 0, 0, 1, 108, -4,,1.305395 , 0, 0, 0, 1, 101, -6,,1.307095 , 0, 0, 0, 1, 93, -6,,1.314746 , 0, 0, 0, 1, 90, -5,,1.314958 , 0, 0, 0, 1, 85, -6,,1.315777 , 0, 0, 0, 1, 85, -7,,1.324009 , 0, 0, 0, 1, 84, -7,,1.336327 , 0, 0, 0, 1, 83, -7,,1.336714 , 0, 0, 0, 1, 75, -7,,1.542499 , 0, 0, 0, 1, 71, -7,,1.547610 , 0, 0, 0, 1, 67, -7,,1.547994 , 0, 0, 0, 1, 62, -7,,1.566835 , 0, 0, 0, 1, 57, -8,,
argv[0]: ./../out/parallelRun
argv[1]: 3 1 5 2 3
I5-V5-VI5-I5-III5-VI5-II5-I5-V5 , Csharp Minor , Left to right ,Value random,1,6.593690,,,52112,25925,0,114724221,0,29,0, 0, 1, 1, 62, -8,,,56498,28122,0,123981848,0,29,,,0.003500 , 1, 1, 3, 2, 191, -3,,0.003738 , 0, 1, 2, 2, 171, -4,,0.005319 , 0, 1, 2, 2, 157, -4,,0.006310 , 0, 1, 1, 2, 211, -3,,0.006999 , 0, 1, 1, 2, 182, -4,,0.007217 , 0, 1, 1, 2, 176, -3,,0.007447 , 0, 1, 1, 2, 171, -4,,0.008278 , 0, 1, 1, 2, 162, -4,,0.008566 , 0, 1, 1, 2, 157, -4,,0.015655 , 0, 1, 1, 2, 154, -4,,0.016464 , 0, 1, 1, 2, 152, -4,,0.016680 , 0, 1, 1, 2, 150, -4,,0.017420 , 0, 1, 1, 2, 145, -4,,0.025626 , 0, 1, 1, 2, 142, -3,,0.025967 , 0, 1, 1, 2, 139, -4,,0.026156 , 0, 1, 1, 2, 137, -4,,0.028765 , 0, 1, 1, 1, 152, -5,,0.029179 , 0, 1, 1, 1, 145, -5,,0.029756 , 0, 1, 1, 1, 142, -5,,0.030714 , 0, 1, 1, 1, 128, -5,,0.055142 , 0, 1, 1, 1, 127, -5,,0.173234 , 0, 1, 1, 1, 125, -6,,0.323484 , 0, 1, 1, 1, 119, -7,,0.324027 , 0, 1, 1, 1, 117, -7,,0.718296 , 0, 1, 1, 1, 116, -6,,0.718856 , 0, 1, 1, 1, 114, -6,,0.824464 , 0, 1, 1, 1, 112, -6,,0.825092 , 0, 1, 1, 1, 107, -6,,0.983782 , 0, 1, 1, 1, 106, -7,,0.992835 , 0, 1, 1, 1, 102, -7,,0.993785 , 0, 1, 1, 1, 97, -7,,1.328497 , 0, 0, 4, 3, 188, -1,,1.328813 , 0, 0, 3, 3, 176, 0,,1.328986 , 0, 0, 3, 3, 171, -1,,1.330546 , 0, 0, 2, 3, 193, 0,,1.330948 , 0, 0, 2, 3, 188, -1,,1.332038 , 0, 0, 2, 3, 176, 0,,1.332135 , 0, 0, 2, 3, 171, -1,,1.333234 , 0, 0, 2, 3, 165, -3,,1.334420 , 0, 0, 2, 3, 161, -2,,1.334580 , 0, 0, 2, 3, 158, -3,,1.334626 , 0, 0, 2, 3, 156, -3,,1.339433 , 0, 0, 2, 3, 155, -4,,1.339841 , 0, 0, 2, 3, 150, -4,,1.354822 , 0, 0, 2, 2, 187, -1,,1.357842 , 0, 0, 2, 2, 186, -3,,1.358784 , 0, 0, 2, 2, 172, -3,,1.360559 , 0, 0, 2, 2, 170, -1,,1.362354 , 0, 0, 2, 2, 169, -2,,1.362695 , 0, 0, 2, 2, 164, -3,,1.364031 , 0, 0, 2, 2, 162, -3,,1.364242 , 0, 0, 2, 2, 160, -3,,1.364802 , 0, 0, 2, 2, 155, -3,,1.378275 , 0, 0, 2, 2, 154, -6,,1.379406 , 0, 0, 2, 2, 149, -6,,1.388405 , 0, 0, 2, 2, 144, -6,,1.511700 , 0, 0, 2, 2, 142, -4,,1.513394 , 0, 0, 2, 2, 127, -6,,1.620307 , 0, 0, 2, 2, 127, -7,,1.881104 , 0, 0, 2, 2, 122, -6,,1.890482 , 0, 0, 2, 2, 110, -5,,1.890605 , 0, 0, 2, 2, 107, -6,,1.890676 , 0, 0, 2, 2, 105, -6,,1.892126 , 0, 0, 2, 2, 100, -6,,1.938048 , 0, 0, 2, 2, 100, -7,,2.058561 , 0, 0, 2, 2, 98, -6,,2.091703 , 0, 0, 2, 2, 97, -6,,2.647318 , 0, 0, 2, 1, 149, -3,,2.647626 , 0, 0, 2, 1, 144, -4,,2.651473 , 0, 0, 2, 1, 141, -4,,2.652263 , 0, 0, 2, 1, 138, -4,,2.652582 , 0, 0, 2, 1, 132, -3,,2.652766 , 0, 0, 2, 1, 127, -4,,2.656648 , 0, 0, 2, 1, 126, -4,,2.657769 , 0, 0, 2, 1, 121, -4,,2.683194 , 0, 0, 2, 1, 120, -6,,2.683584 , 0, 0, 2, 1, 115, -7,,2.694042 , 0, 0, 2, 1, 110, -7,,2.768185 , 0, 0, 2, 1, 102, -4,,2.768352 , 0, 0, 2, 1, 99, -5,,2.768513 , 0, 0, 2, 1, 97, -5,,2.769851 , 0, 0, 2, 1, 92, -5,,2.772016 , 0, 0, 2, 1, 85, -7,,2.772539 , 0, 0, 2, 1, 80, -7,,2.832098 , 0, 0, 2, 1, 80, -8,,2.832519 , 0, 0, 2, 1, 75, -8,,3.004385 , 0, 0, 2, 1, 72, -6,,3.203224 , 0, 0, 2, 1, 72, -7,,3.203811 , 0, 0, 2, 1, 67, -7,,3.230166 , 0, 0, 1, 2, 145, -3,,3.230409 , 0, 0, 1, 2, 140, -4,,3.231508 , 0, 0, 1, 2, 137, -4,,3.231625 , 0, 0, 1, 2, 131, -3,,3.231710 , 0, 0, 1, 2, 126, -4,,3.235477 , 0, 0, 1, 2, 118, -4,,3.240184 , 0, 0, 1, 2, 112, -6,,3.242008 , 0, 0, 1, 2, 108, -5,,3.242091 , 0, 0, 1, 2, 103, -6,,3.245918 , 0, 0, 1, 2, 103, -7,,3.337411 , 0, 0, 1, 2, 102, -4,,3.337645 , 0, 0, 1, 2, 100, -4,,3.338418 , 0, 0, 1, 2, 95, -4,,3.340354 , 0, 0, 1, 2, 95, -5,,3.347058 , 0, 0, 1, 2, 92, -7,,3.348190 , 0, 0, 1, 2, 85, -7,,3.348357 , 0, 0, 1, 2, 83, -7,,3.407268 , 0, 0, 1, 1, 190, -6,,3.407814 , 0, 0, 1, 1, 155, -6,,3.408742 , 0, 0, 1, 1, 145, -7,,3.409016 , 0, 0, 1, 1, 141, -7,,3.409346 , 0, 0, 1, 1, 126, -7,,3.409442 , 0, 0, 1, 1, 124, -7,,3.410335 , 0, 0, 1, 1, 119, -7,,3.418526 , 0, 0, 1, 1, 115, -7,,3.419263 , 0, 0, 1, 1, 110, -7,,3.436031 , 0, 0, 1, 1, 107, -3,,3.436625 , 0, 0, 1, 1, 105, -3,,3.437971 , 0, 0, 1, 1, 104, -5,,3.438569 , 0, 0, 1, 1, 90, -5,,3.440548 , 0, 0, 1, 1, 89, -6,,3.440771 , 0, 0, 1, 1, 84, -7,,3.447250 , 0, 0, 1, 1, 81, -6,,3.452064 , 0, 0, 1, 1, 75, -8,,3.728219 , 0, 0, 1, 1, 72, -7,,3.729139 , 0, 0, 1, 1, 67, -7,,6.083146 , 0, 0, 1, 1, 67, -8,,6.083580 , 0, 0, 1, 1, 62, -8,,
argv[0]: ./../out/parallelRun
argv[1]: 4 0 0 2 3
I5-V5-VI5-I5-VI5-VII6-III5-VI5-II6-V7+-I5 , C Major , Left to right ,Value random,0 , 935.803582
argv[0]: ./../out/parallelRun
argv[1]: 4 0 5 2 3
